pdf/DMC_D=230_N=50_Nu=50_L=1_E=8_75643.pdf: ../DMC_bez_zak/Y__DMC_D=230_N=50_Nu=50_L=1_E=8.75643_.txt
pdf/DMC_D=230_N=50_Nu=50_L=1_E=8_75643.pdf: ../DMC_bez_zak/Yzad.txt
pdf/DMC_D=230_N=50_Nu=50_L=1_E=8_75643.pdf: ../DMC_bez_zak/U__DMC_D=230_N=50_Nu=50_L=1_E=8.75643_.txt
